epoch: 1, test/accu: 0.276442
epoch: 2, test/accu: 0.502404
